[[-8.71807, -1.36264, 8.0, 0.03664],
[-8.58558, -1.62408, 8.0, 0.03664],
[-8.45273, -1.88523, 8.0, 0.03662],
[-8.31812, -2.14361, 6.79126, 0.0429],
[-8.18033, -2.39664, 5.46668, 0.0527],
[-8.03799, -2.64151, 4.66299, 0.06074],
[-7.89003, -2.87537, 4.08002, 0.06783],
[-7.73562, -3.09539, 3.63174, 0.07401],
[-7.5743, -3.29884, 3.27259, 0.07934],
[-7.40598, -3.48327, 2.96634, 0.08417],
[-7.23085, -3.64638, 2.69839, 0.08869],
[-7.0494, -3.78606, 2.42809, 0.09431],
[-6.86222, -3.89958, 2.1256, 0.10299],
[-6.67006, -3.98236, 1.89095, 0.11065],
[-6.47448, -4.03004, 1.6902, 0.1191],
[-6.2779, -4.03701, 1.47632, 0.13324],
[-6.08499, -3.99193, 1.72945, 0.11455],
[-5.89866, -3.9073, 2.01533, 0.10154],
[-5.71975, -3.79094, 2.43622, 0.0876],
[-5.54759, -3.65065, 3.05565, 0.07268],
[-5.38065, -3.4938, 4.12951, 0.05547],
[-5.21706, -3.32743, 4.68043, 0.04985],
[-5.05025, -3.16796, 5.0016, 0.04614],
[-4.87905, -3.0129, 5.25848, 0.04393],
[-4.70362, -2.86163, 5.55113, 0.04173],
[-4.52446, -2.71388, 5.70079, 0.04073],
[-4.34194, -2.56965, 5.79238, 0.04016],
[-4.15636, -2.42901, 5.82883, 0.03995],
[-3.96796, -2.29208, 5.7136, 0.04076],
[-3.77686, -2.15917, 5.84116, 0.03985],
[-3.58338, -2.03025, 5.7284, 0.04059],
[-3.38763, -1.90557, 5.60663, 0.04139],
[-3.18972, -1.78542, 5.46989, 0.04233],
[-2.98974, -1.6701, 5.33352, 0.04328],
[-2.7878, -1.55992, 5.20949, 0.04416],
[-2.58401, -1.45518, 5.09836, 0.04494],
[-2.37848, -1.35614, 5.01083, 0.04553],
[-2.17136, -1.26298, 4.95854, 0.0458],
[-1.96276, -1.17584, 4.95091, 0.04566],
[-1.75284, -1.09468, 5.0, 0.04501],
[-1.54175, -1.01938, 5.10687, 0.04389],
[-1.32965, -0.94964, 5.15766, 0.04329],
[-1.11665, -0.88534, 5.00259, 0.04447],
[-0.9028, -0.82677, 4.85517, 0.04567],
[-0.68813, -0.77426, 4.44173, 0.04975],
[-0.47259, -0.72894, 4.07274, 0.05408],
[-0.25614, -0.6921, 3.62386, 0.06059],
[-0.03867, -0.6659, 3.25039, 0.06739],
[0.17996, -0.65291, 2.88913, 0.07581],
[0.4001, -0.65675, 2.55659, 0.08612],
[0.62315, -0.68291, 3.90454, 0.05752],
[0.84829, -0.71925, 4.30295, 0.053],
[1.07568, -0.76447, 4.7456, 0.04885],
[1.30542, -0.81743, 5.19925, 0.04535],
[1.53759, -0.87727, 5.7229, 0.04189],
[1.77223, -0.94317, 6.27651, 0.03883],
[2.00937, -1.01445, 6.95213, 0.03562],
[2.24896, -1.09042, 7.67273, 0.03276],
[2.49091, -1.17049, 7.90751, 0.03223],
[2.76506, -1.25738, 7.78669, 0.03693],
[3.0393, -1.34015, 7.50815, 0.03815],
[3.31365, -1.41854, 7.22831, 0.03947],
[3.58809, -1.49226, 6.85933, 0.04143],
[3.86263, -1.56085, 6.53667, 0.04329],
[4.13726, -1.62387, 6.0349, 0.04669],
[4.41197, -1.68042, 5.55894, 0.05045],
[4.68675, -1.72946, 5.03286, 0.05546],
[4.96154, -1.76946, 4.56629, 0.06081],
[5.23624, -1.79863, 4.01752, 0.06876],
[5.51061, -1.814, 3.54744, 0.07746],
[5.78397, -1.81192, 4.07194, 0.06714],
[6.05603, -1.79677, 4.22158, 0.06454],
[6.32644, -1.76959, 4.29414, 0.06329],
[6.59481, -1.73091, 4.35384, 0.06228],
[6.86076, -1.68119, 4.4081, 0.06138],
[7.12384, -1.62086, 4.38645, 0.06153],
[7.38348, -1.55004, 4.33581, 0.06207],
[7.63897, -1.46876, 4.11951, 0.06508],
[7.88906, -1.37635, 3.90377, 0.0683],
[8.13219, -1.27217, 3.6347, 0.07277],
[8.36615, -1.15541, 3.32937, 0.07854],
[8.5879, -1.02514, 2.95178, 0.08713],
[8.79268, -0.88008, 2.61633, 0.09592],
[8.97471, -0.71994, 2.32099, 0.10446],
[9.12781, -0.54564, 2.05226, 0.11304],
[9.24582, -0.35896, 1.81252, 0.12184],
[9.32243, -0.16238, 1.5917, 0.13255],
[9.34931, 0.0405, 1.46356, 0.13983],
[9.31907, 0.24316, 1.76127, 0.11634],
[9.24826, 0.44103, 1.93077, 0.10885],
[9.14121, 0.63167, 2.12006, 0.10313],
[9.0012, 0.81314, 2.36664, 0.09685],
[8.83213, 0.98418, 2.62741, 0.09153],
[8.63745, 1.14392, 2.89668, 0.08694],
[8.4203, 1.29173, 3.25836, 0.08062],
[8.18467, 1.42794, 3.68286, 0.0739],
[7.93437, 1.55343, 4.18639, 0.06688],
[7.6728, 1.66948, 4.80364, 0.05957],
[7.40288, 1.77764, 5.60313, 0.0519],
[7.12706, 1.87955, 6.6041, 0.04452],
[6.84718, 1.97673, 7.88119, 0.03759],
[6.56459, 2.07045, 8.0, 0.03722],
[6.2804, 2.16196, 8.0, 0.03732],
[5.99549, 2.25242, 8.0, 0.03737],
[5.71042, 2.34264, 8.0, 0.03738],
[5.4254, 2.43297, 8.0, 0.03737],
[5.14049, 2.52356, 8.0, 0.03737],
[4.85779, 2.61313, 8.0, 0.03707],
[4.57696, 2.7014, 8.0, 0.0368],
[4.29908, 2.78748, 8.0, 0.03636],
[4.02497, 2.87059, 8.0, 0.0358],
[3.7554, 2.94998, 8.0, 0.03513],
[3.49103, 3.02498, 8.0, 0.03435],
[3.2324, 3.09497, 7.33946, 0.03651],
[2.97997, 3.15943, 6.6895, 0.03895],
[2.73413, 3.21784, 6.09961, 0.04143],
[2.49526, 3.2697, 5.54661, 0.04407],
[2.2637, 3.31448, 5.0196, 0.04699],
[2.03982, 3.35157, 4.51993, 0.05021],
[1.824, 3.38033, 3.99023, 0.05456],
[1.61684, 3.39974, 3.57033, 0.05828],
[1.41857, 3.40905, 3.19112, 0.0622],
[1.22931, 3.40741, 2.84374, 0.06655],
[1.04915, 3.3938, 2.52407, 0.07158],
[0.87807, 3.36681, 2.21974, 0.07803],
[0.71581, 3.32408, 2.70145, 0.06211],
[0.55808, 3.27106, 2.95397, 0.05633],
[0.40349, 3.20932, 3.26476, 0.05099],
[0.25105, 3.14021, 3.54743, 0.04718],
[0.10011, 3.06456, 3.87753, 0.04354],
[-0.04988, 2.98309, 4.15027, 0.04113],
[-0.19934, 2.89618, 4.29114, 0.04029],
[-0.34872, 2.80371, 4.37517, 0.04016],
[-0.52217, 2.68919, 3.37741, 0.06154],
[-0.69649, 2.5868, 2.38098, 0.08491],
[-0.87203, 2.50644, 1.91005, 0.10108],
[-1.04831, 2.45601, 1.62544, 0.1128],
[-1.22398, 2.44196, 1.38913, 0.12686],
[-1.39645, 2.47459, 1.66354, 0.10551],
[-1.56495, 2.54096, 1.89555, 0.09554],
[-1.72895, 2.63615, 2.22448, 0.08525],
[-1.8885, 2.75508, 2.75915, 0.07212],
[-2.04442, 2.89139, 3.91178, 0.05294],
[-2.19826, 3.03712, 6.9683, 0.03041],
[-2.34378, 3.17161, 4.03317, 0.04913],
[-2.48991, 3.29746, 2.98967, 0.06451],
[-2.63693, 3.40908, 2.45557, 0.07517],
[-2.78482, 3.50228, 2.07831, 0.08411],
[-2.93326, 3.57355, 1.77135, 0.09296],
[-3.08149, 3.61921, 1.55325, 0.09986],
[-3.22821, 3.63623, 1.37046, 0.10778],
[-3.37124, 3.6202, 1.2, 0.11994],
[-3.50614, 3.562, 1.44855, 0.10143],
[-3.63258, 3.47218, 1.64608, 0.09422],
[-3.74982, 3.35357, 1.92262, 0.08675],
[-3.85781, 3.20929, 2.2493, 0.08012],
[-3.95679, 3.04208, 2.78302, 0.06982],
[-4.04831, 2.85688, 3.99659, 0.05169],
[-4.13558, 2.66174, 4.12408, 0.05183],
[-4.22438, 2.48078, 3.65715, 0.05512],
[-4.31729, 2.31044, 3.31866, 0.05847],
[-4.41458, 2.15165, 2.93072, 0.06354],
[-4.51671, 2.00602, 2.64559, 0.06724],
[-4.62388, 1.87457, 2.40307, 0.07057],
[-4.73617, 1.75825, 2.19061, 0.0738],
[-4.85357, 1.65797, 1.94121, 0.07954],
[-4.97628, 1.57582, 1.74018, 0.08486],
[-5.10426, 1.51397, 1.54138, 0.09222],
[-5.23734, 1.47603, 1.71003, 0.08092],
[-5.37356, 1.45684, 1.76303, 0.07803],
[-5.51215, 1.45542, 1.78548, 0.07763],
[-5.65252, 1.47206, 1.80568, 0.07828],
[-5.79407, 1.5077, 1.68097, 0.08683],
[-5.93591, 1.56796, 1.83639, 0.08392],
[-6.0766, 1.65218, 2.1333, 0.07686],
[-6.21519, 1.75705, 2.39868, 0.07245],
[-6.35106, 1.88072, 2.75361, 0.06672],
[-6.48401, 2.02065, 3.15255, 0.06123],
[-6.61412, 2.17452, 3.69505, 0.05453],
[-6.74174, 2.33961, 4.58345, 0.04553],
[-6.86753, 2.51259, 6.53501, 0.03273],
[-6.99236, 2.68967, 7.25543, 0.02986],
[-7.12216, 2.86913, 5.82308, 0.03804],
[-7.25391, 3.0442, 4.96831, 0.0441],
[-7.38824, 3.21346, 4.33441, 0.04985],
[-7.52582, 3.37543, 3.80905, 0.05579],
[-7.66739, 3.52847, 3.40471, 0.06123],
[-7.81366, 3.67098, 3.07814, 0.06635],
[-7.96536, 3.8014, 2.72058, 0.07353],
[-8.12357, 3.91724, 2.39685, 0.08181],
[-8.28966, 4.01527, 2.66267, 0.07243],
[-8.46179, 4.09929, 2.81939, 0.06794],
[-8.63908, 4.17089, 2.88052, 0.06638],
[-8.82113, 4.23051, 2.94564, 0.06503],
[-9.00753, 4.27849, 2.83262, 0.06795],
[-9.19836, 4.31354, 2.68204, 0.07234],
[-9.3937, 4.33361, 2.5199, 0.07793],
[-9.59328, 4.3359, 2.32718, 0.08577],
[-9.79615, 4.31609, 2.12879, 0.09575],
[-9.99939, 4.26846, 1.91124, 0.10922],
[-10.19548, 4.18584, 1.71667, 0.12395],
[-10.36999, 4.0639, 1.51458, 0.14057],
[-10.50368, 3.90235, 1.54804, 0.13545],
[-10.5924, 3.71129, 1.86679, 0.11285],
[-10.64705, 3.5024, 2.03664, 0.10602],
[-10.66965, 3.27918, 2.25128, 0.09966],
[-10.66228, 3.04449, 2.52168, 0.09311],
[-10.62753, 2.80096, 2.83497, 0.08677],
[-10.56815, 2.55083, 3.28717, 0.07821],
[-10.48831, 2.29621, 3.72148, 0.0717],
[-10.39102, 2.03849, 4.35891, 0.0632],
[-10.28007, 1.77885, 5.24007, 0.05388],
[-10.15918, 1.51807, 6.6293, 0.04336],
[-10.03181, 1.25661, 8.0, 0.03635],
[-9.90113, 0.99471, 8.0, 0.03659],
[-9.77002, 0.73266, 8.0, 0.03663],
[-9.63916, 0.47048, 8.0, 0.03663],
[-9.50822, 0.2083, 8.0, 0.03663],
[-9.37711, -0.0538, 8.0, 0.03663],
[-9.24579, -0.3158, 8.0, 0.03663],
[-9.1142, -0.57767, 8.0, 0.03663],
[-8.98238, -0.83943, 8.0, 0.03664],
[-8.85034, -1.10109, 8.0, 0.03664]]