[[-8.71807, -1.36264, 5.82874, 0.05028],
[-8.58558, -1.62408, 5.10002, 0.05747],
[-8.45273, -1.88523, 4.53967, 0.06454],
[-8.31812, -2.14361, 4.09074, 0.07122],
[-8.18033, -2.39664, 3.70792, 0.0777],
[-8.03799, -2.64151, 3.37299, 0.08397],
[-7.89003, -2.87537, 3.03511, 0.09118],
[-7.73562, -3.09539, 2.657, 0.10116],
[-7.5743, -3.29884, 2.36368, 0.10985],
[-7.40598, -3.48327, 2.11275, 0.11818],
[-7.23085, -3.64638, 1.8454, 0.12969],
[-7.0494, -3.78606, 1.8454, 0.12409],
[-6.86222, -3.89958, 1.8454, 0.11863],
[-6.67006, -3.98236, 1.8454, 0.11338],
[-6.47448, -4.03004, 1.8454, 0.10908],
[-6.2779, -4.03701, 1.8454, 0.10659],
[-6.08499, -3.99193, 2.16181, 0.09164],
[-5.89866, -3.9073, 2.51917, 0.08123],
[-5.71975, -3.79094, 3.04527, 0.07008],
[-5.54759, -3.65065, 3.81956, 0.05814],
[-5.38065, -3.4938, 5.16189, 0.04438],
[-5.21706, -3.32743, 5.85053, 0.03988],
[-5.05025, -3.16796, 6.252, 0.03691],
[-4.87905, -3.0129, 6.5731, 0.03514],
[-4.70362, -2.86163, 6.93891, 0.03338],
[-4.52446, -2.71388, 7.12599, 0.03259],
[-4.34194, -2.56965, 7.00828, 0.03319],
[-4.15636, -2.42901, 6.83737, 0.03406],
[-3.96796, -2.29208, 6.6669, 0.03493],
[-3.77686, -2.15917, 6.51187, 0.03575],
[-3.58338, -2.03025, 6.37295, 0.03648],
[-3.38763, -1.90557, 6.26353, 0.03705],
[-3.18972, -1.78542, 6.19818, 0.03735],
[-2.98974, -1.6701, 6.18864, 0.0373],
[-2.7878, -1.55992, 6.18864, 0.03717],
[-2.58401, -1.45518, 6.18864, 0.03702],
[-2.37848, -1.35614, 6.18864, 0.03687],
[-2.17136, -1.26298, 6.18864, 0.0367],
[-1.96276, -1.17584, 6.06896, 0.03725],
[-1.75284, -1.09468, 5.55217, 0.04054],
[-1.54175, -1.01938, 5.09092, 0.04402],
[-1.32965, -0.94964, 4.52983, 0.04929],
[-1.11665, -0.88534, 4.06298, 0.05476],
[-0.9028, -0.82677, 3.61141, 0.0614],
[-0.68813, -0.77426, 3.19574, 0.06915],
[-0.47259, -0.72894, 3.19574, 0.06892],
[-0.25614, -0.6921, 3.19574, 0.06871],
[-0.03867, -0.6659, 3.19574, 0.06854],
[0.17996, -0.65291, 3.19574, 0.06853],
[0.4001, -0.65675, 3.19574, 0.0689],
[0.62315, -0.68291, 4.88067, 0.04601],
[0.84829, -0.71925, 5.37869, 0.0424],
[1.07568, -0.76447, 5.932, 0.03908],
[1.30542, -0.81743, 6.49907, 0.03628],
[1.53759, -0.87727, 7.15363, 0.03352],
[1.77223, -0.94317, 7.84564, 0.03106],
[2.00937, -1.01445, 8.0, 0.03095],
[2.24896, -1.09042, 8.0, 0.03142],
[2.49091, -1.17049, 8.0, 0.03186],
[2.76506, -1.25738, 7.54362, 0.03812],
[3.0393, -1.34015, 6.94867, 0.04123],
[3.31365, -1.41854, 6.29107, 0.04535],
[3.58809, -1.49226, 5.70786, 0.04979],
[3.86263, -1.56085, 5.0219, 0.05635],
[4.13726, -1.62387, 4.4343, 0.06354],
[4.41197, -1.68042, 4.4343, 0.06325],
[4.68675, -1.72946, 4.4343, 0.06295],
[4.96154, -1.76946, 4.4343, 0.06262],
[5.23624, -1.79863, 4.4343, 0.0623],
[5.51061, -1.814, 4.4343, 0.06197],
[5.78397, -1.81192, 5.08992, 0.05371],
[6.05603, -1.79677, 5.27698, 0.05164],
[6.32644, -1.76959, 5.14939, 0.05278],
[6.59481, -1.73091, 4.87972, 0.05557],
[6.86076, -1.68119, 4.54337, 0.05955],
[7.12384, -1.62086, 4.16171, 0.06486],
[7.38348, -1.55004, 3.68973, 0.07294],
[7.63897, -1.46876, 3.27041, 0.08198],
[7.88906, -1.37635, 2.90124, 0.0919],
[8.13219, -1.27217, 2.56532, 0.10311],
[8.36615, -1.15541, 2.26566, 0.11541],
[8.5879, -1.02514, 1.98962, 0.12926],
[8.79268, -0.88008, 1.82945, 0.13718],
[8.97471, -0.71994, 1.82945, 0.13252],
[9.12781, -0.54564, 1.82945, 0.12681],
[9.24582, -0.35896, 1.82945, 0.12072],
[9.32243, -0.16238, 1.82945, 0.11533],
[9.34931, 0.0405, 1.82945, 0.11187],
[9.31907, 0.24316, 2.20159, 0.09307],
[9.24826, 0.44103, 2.41346, 0.08708],
[9.14121, 0.63167, 2.65007, 0.08251],
[9.0012, 0.81314, 2.9583, 0.07748],
[8.83213, 0.98418, 3.28426, 0.07323],
[8.63745, 1.14392, 3.62085, 0.06955],
[8.4203, 1.29173, 4.07295, 0.06449],
[8.18467, 1.42794, 4.60357, 0.05912],
[7.93437, 1.55343, 5.23299, 0.05351],
[7.6728, 1.66948, 6.00455, 0.04766],
[7.40288, 1.77764, 7.00391, 0.04152],
[7.12706, 1.87955, 8.0, 0.03676],
[6.84718, 1.97673, 8.0, 0.03703],
[6.56459, 2.07045, 8.0, 0.03722],
[6.2804, 2.16196, 8.0, 0.03732],
[5.99549, 2.25242, 8.0, 0.03737],
[5.71042, 2.34264, 8.0, 0.03738],
[5.4254, 2.43297, 8.0, 0.03737],
[5.14049, 2.52356, 8.0, 0.03737],
[4.85779, 2.61313, 8.0, 0.03707],
[4.57696, 2.7014, 8.0, 0.0368],
[4.29908, 2.78748, 8.0, 0.03636],
[4.02497, 2.87059, 7.62451, 0.03757],
[3.7554, 2.94998, 6.93327, 0.04053],
[3.49103, 3.02498, 6.27449, 0.0438],
[3.2324, 3.09497, 5.64992, 0.04742],
[2.97997, 3.15943, 4.98779, 0.05223],
[2.73413, 3.21784, 4.46291, 0.05662],
[2.49526, 3.2697, 3.9889, 0.06128],
[2.2637, 3.31448, 3.55468, 0.06635],
[2.03982, 3.35157, 3.15509, 0.07192],
[1.824, 3.38033, 2.77468, 0.07847],
[1.61684, 3.39974, 2.77468, 0.07499],
[1.41857, 3.40905, 2.77468, 0.07154],
[1.22931, 3.40741, 2.77468, 0.06821],
[1.04915, 3.3938, 2.77468, 0.06512],
[0.87807, 3.36681, 2.77468, 0.06242],
[0.71581, 3.32408, 3.37682, 0.04969],
[0.55808, 3.27106, 3.69246, 0.04507],
[0.40349, 3.20932, 4.08095, 0.04079],
[0.25105, 3.14021, 4.22176, 0.03964],
[0.10011, 3.06456, 2.97622, 0.05673],
[-0.04988, 2.98309, 2.38756, 0.07149],
[-0.19934, 2.89618, 2.0318, 0.0851],
[-0.34872, 2.80371, 1.73641, 0.10118],
[-0.52217, 2.68919, 1.73641, 0.11969],
[-0.69649, 2.5868, 1.73641, 0.11643],
[-0.87203, 2.50644, 1.73641, 0.11118],
[-1.04831, 2.45601, 1.73641, 0.10559],
[-1.22398, 2.44196, 1.73641, 0.10149],
[-1.39645, 2.47459, 2.07943, 0.08441],
[-1.56495, 2.54096, 2.36944, 0.07643],
[-1.72895, 2.63615, 2.78059, 0.0682],
[-1.8885, 2.75508, 3.06946, 0.06483],
[-2.04442, 2.89139, 2.59789, 0.07972],
[-2.19826, 3.03712, 2.21419, 0.0957],
[-2.34378, 3.17161, 1.94156, 0.10206],
[-2.48991, 3.29746, 1.71307, 0.11258],
[-2.63693, 3.40908, 1.5, 0.12306],
[-2.78482, 3.50228, 1.5, 0.11654],
[-2.93326, 3.57355, 1.5, 0.10977],
[-3.08149, 3.61921, 1.5, 0.10341],
[-3.22821, 3.63623, 1.5, 0.09847],
[-3.37124, 3.6202, 1.5, 0.09595],
[-3.50614, 3.562, 1.81069, 0.08114],
[-3.63258, 3.47218, 2.0576, 0.07537],
[-3.74982, 3.35357, 2.40327, 0.0694],
[-3.85781, 3.20929, 2.81162, 0.0641],
[-3.95679, 3.04208, 3.47878, 0.05586],
[-4.04831, 2.85688, 3.30698, 0.06247],
[-4.13558, 2.66174, 3.00384, 0.07116],
[-4.22438, 2.48078, 2.73827, 0.07362],
[-4.31729, 2.31044, 2.42651, 0.07996],
[-4.41458, 2.15165, 2.17522, 0.08561],
[-4.51671, 2.00602, 1.92672, 0.09232],
[-4.62388, 1.87457, 1.92672, 0.08802],
[-4.73617, 1.75825, 1.92672, 0.08391],
[-4.85357, 1.65797, 1.92672, 0.08013],
[-4.97628, 1.57582, 1.92672, 0.07664],
[-5.10426, 1.51397, 1.92672, 0.07378],
[-5.23734, 1.47603, 2.10122, 0.06586],
[-5.37356, 1.45684, 2.10122, 0.06547],
[-5.51215, 1.45542, 2.10122, 0.06596],
[-5.65252, 1.47206, 2.10122, 0.06727],
[-5.79407, 1.5077, 2.10122, 0.06947],
[-5.93591, 1.56796, 2.29549, 0.06714],
[-6.0766, 1.65218, 2.66662, 0.06149],
[-6.21519, 1.75705, 2.99835, 0.05796],
[-6.35106, 1.88072, 3.44202, 0.05338],
[-6.48401, 2.02065, 3.94069, 0.04898],
[-6.61412, 2.17452, 4.61882, 0.04363],
[-6.74174, 2.33961, 5.41801, 0.03851],
[-6.86753, 2.51259, 4.76132, 0.04492],
[-6.99236, 2.68967, 4.25589, 0.05091],
[-7.12216, 2.86913, 3.84768, 0.05756],
[-7.25391, 3.0442, 3.40073, 0.06443],
[-7.38824, 3.21346, 2.99606, 0.07212],
[-7.52582, 3.37543, 2.99606, 0.07093],
[-7.66739, 3.52847, 2.99606, 0.06958],
[-7.81366, 3.67098, 2.99606, 0.06816],
[-7.96536, 3.8014, 2.99606, 0.06677],
[-8.12357, 3.91724, 2.99606, 0.06545],
[-8.28966, 4.01527, 3.32833, 0.05795],
[-8.46179, 4.09929, 3.14987, 0.06081],
[-8.63908, 4.17089, 2.90897, 0.06573],
[-8.82113, 4.23051, 2.66099, 0.07199],
[-9.00753, 4.27849, 2.38905, 0.08056],
[-9.19836, 4.31354, 2.14584, 0.09042],
[-9.3937, 4.33361, 1.89322, 0.10372],
[-9.59328, 4.3359, 1.89322, 0.10543],
[-9.79615, 4.31609, 1.89322, 0.10766],
[-9.99939, 4.26846, 1.89322, 0.11026],
[-10.19548, 4.18584, 1.89322, 0.11239],
[-10.36999, 4.0639, 1.89322, 0.11245],
[-10.50368, 3.90235, 1.93505, 0.10836],
[-10.5924, 3.71129, 2.33349, 0.09028],
[-10.64705, 3.5024, 2.54579, 0.08481],
[-10.66965, 3.27918, 2.8141, 0.07973],
[-10.66228, 3.04449, 3.1521, 0.07449],
[-10.62753, 2.80096, 3.54372, 0.06942],
[-10.56815, 2.55083, 4.10897, 0.06257],
[-10.48831, 2.29621, 4.65185, 0.05736],
[-10.39102, 2.03849, 5.44864, 0.05056],
[-10.28007, 1.77885, 6.55008, 0.04311],
[-10.15918, 1.51807, 8.0, 0.03593],
[-10.03181, 1.25661, 8.0, 0.03635],
[-9.90113, 0.99471, 8.0, 0.03659],
[-9.77002, 0.73266, 8.0, 0.03663],
[-9.63916, 0.47048, 8.0, 0.03663],
[-9.50822, 0.2083, 8.0, 0.03663],
[-9.37711, -0.0538, 8.0, 0.03663],
[-9.24579, -0.3158, 8.0, 0.03663],
[-9.1142, -0.57767, 8.0, 0.03663],
[-8.98238, -0.83943, 8.0, 0.03664],
[-8.85034, -1.10109, 6.83335, 0.04289]]