[[-8.71807, -1.36264, 2.24866, 0.13034],
[-8.58558, -1.62408, 2.02341, 0.14485],
[-8.45273, -1.88523, 1.77133, 0.16541],
[-8.31812, -2.14361, 1.57579, 0.18488],
[-8.18033, -2.39664, 1.4085, 0.20456],
[-8.03799, -2.64151, 1.24555, 0.22739],
[-7.89003, -2.87537, 1.24555, 0.22219],
[-7.73562, -3.09539, 1.24555, 0.2158],
[-7.5743, -3.29884, 1.24555, 0.20846],
[-7.40598, -3.48327, 1.24555, 0.20047],
[-7.23085, -3.64638, 1.24555, 0.19215],
[-7.0494, -3.78606, 1.24555, 0.18385],
[-6.86222, -3.89958, 1.24555, 0.17576],
[-6.67006, -3.98236, 1.24555, 0.16799],
[-6.47448, -4.03004, 1.24555, 0.16162],
[-6.2779, -4.03701, 1.24555, 0.15793],
[-6.08478, -3.99322, 1.45018, 0.13655],
[-5.89794, -3.91041, 1.65449, 0.12352],
[-5.7186, -3.79498, 1.94272, 0.10978],
[-5.54671, -3.65341, 2.4, 0.09279],
[-5.38065, -3.4938, 2.4, 0.09597],
[-5.21788, -3.32468, 2.4, 0.09781],
[-5.0549, -3.16405, 2.4, 0.09534],
[-4.88765, -3.00629, 2.4, 0.0958],
[-4.71648, -2.85114, 2.4, 0.09626],
[-4.54163, -2.69856, 2.4, 0.09669],
[-4.36325, -2.5486, 2.4, 0.0971],
[-4.18147, -2.40138, 2.4, 0.09747],
[-3.99622, -2.25721, 2.4, 0.0978],
[-3.80767, -2.11631, 2.4, 0.09808],
[-3.61598, -1.97889, 2.4, 0.09828],
[-3.42117, -1.84536, 2.4, 0.0984],
[-3.22336, -1.71618, 2.4, 0.09844],
[-3.02269, -1.59185, 2.4, 0.09836],
[-2.81933, -1.47289, 2.4, 0.09816],
[-2.61356, -1.35983, 2.4, 0.09783],
[-2.40565, -1.25319, 2.4, 0.09736],
[-2.19589, -1.15347, 2.4, 0.09677],
[-1.98456, -1.06118, 2.4, 0.09608],
[-1.77192, -0.97685, 2.4, 0.09531],
[-1.55819, -0.90097, 2.4, 0.0945],
[-1.34355, -0.83404, 2.4, 0.09368],
[-1.12815, -0.77651, 2.4, 0.0929],
[-0.91205, -0.72881, 2.4, 0.09221],
[-0.69531, -0.6913, 2.4, 0.09165],
[-0.4779, -0.66424, 2.4, 0.09129],
[-0.25978, -0.64733, 2.4, 0.09116],
[-0.04087, -0.64029, 2.4, 0.09126],
[0.17898, -0.64311, 2.4, 0.09161],
[0.4001, -0.65675, 2.4, 0.09231],
[0.62315, -0.68291, 2.4, 0.09358],
[0.84829, -0.71925, 2.4, 0.09502],
[1.07568, -0.76447, 2.4, 0.0966],
[1.30542, -0.81743, 2.4, 0.09823],
[1.53759, -0.87727, 2.4, 0.0999],
[1.77223, -0.94317, 2.4, 0.10155],
[2.00937, -1.01445, 2.4, 0.10318],
[2.24896, -1.09042, 2.4, 0.10473],
[2.49091, -1.17049, 2.4, 0.10619],
[2.76506, -1.25738, 2.4, 0.11983],
[3.0393, -1.34015, 2.4, 0.11936],
[3.31365, -1.41854, 2.4, 0.11889],
[3.58809, -1.49226, 2.4, 0.1184],
[3.86263, -1.56085, 2.4, 0.11791],
[4.13726, -1.62387, 2.4, 0.1174],
[4.41197, -1.68042, 2.4, 0.11686],
[4.68675, -1.72946, 2.4, 0.1163],
[4.96154, -1.76946, 2.4, 0.1157],
[5.23624, -1.79863, 2.4, 0.1151],
[5.51061, -1.814, 2.4, 0.1145],
[5.78397, -1.81192, 2.4, 0.11391],
[6.05603, -1.79677, 2.4, 0.11353],
[6.32644, -1.76959, 2.18027, 0.12465],
[6.59481, -1.73091, 1.93416, 0.14019],
[6.86076, -1.68119, 1.71021, 0.1582],
[7.12384, -1.62086, 1.51044, 0.1787],
[7.38348, -1.55004, 1.32642, 0.2029],
[7.63897, -1.46876, 1.21963, 0.21982],
[7.88906, -1.37635, 1.21963, 0.21861],
[8.13219, -1.27217, 1.21963, 0.21687],
[8.36615, -1.15541, 1.21963, 0.21439],
[8.5879, -1.02514, 1.21963, 0.21087],
[8.79268, -0.88008, 1.21963, 0.20576],
[8.97471, -0.71994, 1.21963, 0.19878],
[9.12781, -0.54564, 1.21963, 0.19022],
[9.24582, -0.35896, 1.21963, 0.18108],
[9.32243, -0.16238, 1.21963, 0.17299],
[9.34931, 0.0405, 1.21963, 0.1678],
[9.31907, 0.24316, 1.46773, 0.13961],
[9.24826, 0.44103, 1.60898, 0.13062],
[9.14121, 0.63167, 1.76672, 0.12376],
[9.0012, 0.81314, 1.9722, 0.11622],
[8.83213, 0.98418, 2.18951, 0.10984],
[8.63745, 1.14392, 2.4, 0.10493],
[8.4203, 1.29173, 2.4, 0.10945],
[8.18467, 1.42794, 2.4, 0.1134],
[7.93437, 1.55343, 2.4, 0.11667],
[7.6728, 1.66948, 2.4, 0.11923],
[7.40288, 1.77764, 2.4, 0.12116],
[7.12706, 1.87955, 2.4, 0.12252],
[6.84718, 1.97673, 2.4, 0.12345],
[6.56459, 2.07045, 2.4, 0.12405],
[6.2804, 2.16196, 2.4, 0.1244],
[5.99549, 2.25242, 2.4, 0.12455],
[5.71042, 2.34264, 2.4, 0.12459],
[5.4254, 2.43297, 2.4, 0.12458],
[5.14049, 2.52356, 2.4, 0.12457],
[4.8557, 2.61443, 2.4, 0.12455],
[4.57104, 2.70557, 2.4, 0.12454],
[4.28648, 2.79697, 2.4, 0.12453],
[4.00204, 2.88861, 2.4, 0.12452],
[3.72164, 2.97768, 2.4, 0.12258],
[3.44739, 3.06209, 2.4, 0.11956],
[3.18111, 3.14011, 2.30863, 0.12019],
[2.92399, 3.21042, 2.26962, 0.11745],
[2.67672, 3.27205, 2.26962, 0.11228],
[2.43998, 3.32397, 2.26962, 0.10679],
[2.21342, 3.36597, 2.26962, 0.10152],
[1.99683, 3.39771, 2.26962, 0.09645],
[1.78984, 3.41899, 2.26962, 0.09168],
[1.59191, 3.4297, 2.26962, 0.08734],
[1.40229, 3.43004, 2.26962, 0.08355],
[1.22048, 3.41981, 2.26962, 0.08023],
[1.04588, 3.39894, 2.26962, 0.07748],
[0.87771, 3.36747, 1.98415, 0.08623],
[0.71509, 3.32566, 1.5917, 0.10549],
[0.557, 3.27393, 1.35453, 0.1228],
[0.40242, 3.21291, 1.15761, 0.14357],
[0.2503, 3.14355, 1.15761, 0.14443],
[0.09971, 3.06709, 1.15761, 0.14589],
[-0.05, 2.98452, 1.15761, 0.1477],
[-0.19935, 2.8967, 1.15761, 0.14967],
[-0.34872, 2.80371, 1.15761, 0.152],
[-0.52217, 2.68919, 1.15761, 0.17954],
[-0.69649, 2.5868, 1.15761, 0.17464],
[-0.87203, 2.50644, 1.15761, 0.16677],
[-1.04831, 2.45601, 1.15761, 0.15839],
[-1.22398, 2.44196, 1.15761, 0.15224],
[-1.39645, 2.47459, 1.38628, 0.12662],
[-1.56495, 2.54096, 1.29438, 0.13991],
[-1.72895, 2.63615, 1.14205, 0.16604],
[-1.8885, 2.75508, 1.0, 0.199],
[-2.04442, 2.89139, 1.0, 0.2071],
[-2.19826, 3.03712, 1.0, 0.21191],
[-2.34378, 3.17161, 1.0, 0.19815],
[-2.48991, 3.29746, 1.0, 0.19286],
[-2.63693, 3.40908, 1.0, 0.18459],
[-2.78482, 3.50228, 1.0, 0.17481],
[-2.93326, 3.57355, 1.0, 0.16466],
[-3.08149, 3.61921, 1.0, 0.15511],
[-3.22821, 3.63623, 1.0, 0.1477],
[-3.37124, 3.6202, 1.0, 0.14392],
[-3.50614, 3.562, 1.20713, 0.12171],
[-3.63258, 3.47218, 1.37173, 0.11306],
[-3.74982, 3.35357, 1.60218, 0.1041],
[-3.85781, 3.20929, 1.61768, 0.1114],
[-3.95679, 3.04208, 1.45015, 0.13399],
[-4.04831, 2.85688, 1.28448, 0.16083],
[-4.13558, 2.66174, 1.28448, 0.16642],
[-4.22438, 2.48078, 1.28448, 0.15693],
[-4.31729, 2.31044, 1.28448, 0.15106],
[-4.41458, 2.15165, 1.28448, 0.14498],
[-4.51671, 2.00602, 1.28448, 0.13848],
[-4.62388, 1.87457, 1.28448, 0.13203],
[-4.73617, 1.75825, 1.28448, 0.12587],
[-4.85357, 1.65797, 1.28448, 0.1202],
[-4.97628, 1.57582, 1.28448, 0.11497],
[-5.10426, 1.51397, 1.28448, 0.11066],
[-5.23734, 1.47603, 1.40081, 0.09878],
[-5.37356, 1.45684, 1.40081, 0.0982],
[-5.51215, 1.45542, 1.40081, 0.09894],
[-5.65252, 1.47206, 1.40081, 0.10091],
[-5.79407, 1.5077, 1.40081, 0.1042],
[-5.93591, 1.56796, 1.53033, 0.1007],
[-6.0766, 1.65218, 1.77775, 0.09224],
[-6.21519, 1.75705, 1.9989, 0.08695],
[-6.35106, 1.88072, 2.29468, 0.08007],
[-6.48401, 2.02065, 2.4, 0.08042],
[-6.61412, 2.17452, 2.26715, 0.08888],
[-6.74174, 2.33961, 1.99738, 0.10447],
[-6.86753, 2.51259, 1.99738, 0.10708],
[-6.99236, 2.68967, 1.99738, 0.10847],
[-7.12216, 2.86913, 1.99738, 0.11089],
[-7.25391, 3.0442, 1.99738, 0.1097],
[-7.38824, 3.21346, 1.99738, 0.10819],
[-7.52582, 3.37543, 1.99738, 0.1064],
[-7.66739, 3.52847, 1.99738, 0.10437],
[-7.81366, 3.67098, 1.93931, 0.10531],
[-7.96536, 3.8014, 1.77399, 0.11277],
[-8.12357, 3.91724, 1.5927, 0.12312],
[-8.28966, 4.01527, 1.43056, 0.13482],
[-8.46179, 4.09929, 1.26215, 0.15176],
[-8.63908, 4.17089, 1.26215, 0.15149],
[-8.82113, 4.23051, 1.26215, 0.15177],
[-9.00753, 4.27849, 1.26215, 0.1525],
[-9.19836, 4.31354, 1.26215, 0.15373],
[-9.3937, 4.33361, 1.26215, 0.15558],
[-9.59328, 4.3359, 1.26215, 0.15814],
[-9.79615, 4.31609, 1.26215, 0.1615],
[-9.99939, 4.26846, 1.26215, 0.16538],
[-10.19548, 4.18584, 1.26215, 0.16859],
[-10.36999, 4.0639, 1.26215, 0.16868],
[-10.50368, 3.90235, 1.29003, 0.16254],
[-10.5924, 3.71129, 1.55566, 0.13541],
[-10.64705, 3.5024, 1.6972, 0.12722],
[-10.66965, 3.27918, 1.87606, 0.11959],
[-10.66228, 3.04449, 2.1014, 0.11173],
[-10.62753, 2.80096, 2.36248, 0.10413],
[-10.56815, 2.55083, 2.4, 0.10712],
[-10.48831, 2.29621, 2.4, 0.11119],
[-10.39102, 2.03849, 2.4, 0.11478],
[-10.28007, 1.77885, 2.4, 0.11765],
[-10.15918, 1.51807, 2.4, 0.11977],
[-10.03181, 1.25661, 2.4, 0.12118],
[-9.90113, 0.99471, 2.4, 0.12195],
[-9.77002, 0.73266, 2.4, 0.12209],
[-9.63916, 0.47048, 2.4, 0.12209],
[-9.50822, 0.2083, 2.4, 0.12211],
[-9.37711, -0.0538, 2.4, 0.12211],
[-9.24579, -0.3158, 2.4, 0.12211],
[-9.1142, -0.57767, 2.4, 0.12211],
[-8.98238, -0.83943, 2.4, 0.12212],
[-8.85034, -1.10109, 2.4, 0.12212]]