[[-8.71807, -1.36264, 1.8454, 0.15882],
[-8.58558, -1.62408, 1.8454, 0.15883],
[-8.45273, -1.88523, 1.8454, 0.15877],
[-8.31812, -2.14361, 1.8454, 0.15787],
[-8.18033, -2.39664, 1.8454, 0.15613],
[-8.03799, -2.64151, 1.8454, 0.15348],
[-7.89003, -2.87537, 1.8454, 0.14997],
[-7.73562, -3.09539, 1.8454, 0.14566],
[-7.5743, -3.29884, 1.8454, 0.1407],
[-7.40598, -3.48327, 1.8454, 0.1353],
[-7.23085, -3.64638, 1.8454, 0.12969],
[-7.0494, -3.78606, 1.8454, 0.12409],
[-6.86222, -3.89958, 1.8454, 0.11863],
[-6.67006, -3.98236, 1.8454, 0.11338],
[-6.47448, -4.03004, 1.8454, 0.10908],
[-6.2779, -4.03701, 1.8454, 0.10659],
[-6.08499, -3.99193, 2.16181, 0.09164],
[-5.89866, -3.9073, 2.51917, 0.08123],
[-5.71975, -3.79094, 3.04527, 0.07008],
[-5.54759, -3.65065, 3.81956, 0.05814],
[-5.38065, -3.4938, 5.16189, 0.04438],
[-5.21706, -3.32743, 5.85053, 0.03988],
[-5.05025, -3.16796, 6.18864, 0.03729],
[-4.87905, -3.0129, 6.06896, 0.03806],
[-4.70362, -2.86163, 5.55217, 0.04172],
[-4.52446, -2.71388, 5.09092, 0.04561],
[-4.34194, -2.56965, 4.52983, 0.05135],
[-4.15636, -2.42901, 4.06298, 0.05731],
[-3.96796, -2.29208, 3.61141, 0.06449],
[-3.77686, -2.15917, 3.19574, 0.07284],
[-3.58338, -2.03025, 3.19574, 0.07275],
[-3.38763, -1.90557, 3.19574, 0.07262],
[-3.18972, -1.78542, 3.19574, 0.07245],
[-2.98974, -1.6701, 3.19574, 0.07224],
[-2.7878, -1.55992, 3.19574, 0.07198],
[-2.58401, -1.45518, 3.19574, 0.0717],
[-2.37848, -1.35614, 3.19574, 0.07139],
[-2.17136, -1.26298, 3.19574, 0.07107],
[-1.96276, -1.17584, 3.19574, 0.07074],
[-1.75284, -1.09468, 3.19574, 0.07043],
[-1.54175, -1.01938, 3.19574, 0.07013],
[-1.32965, -0.94964, 3.19574, 0.06986],
[-1.11665, -0.88534, 3.19574, 0.06962],
[-0.9028, -0.82677, 3.19574, 0.06938],
[-0.68813, -0.77426, 3.19574, 0.06915],
[-0.47259, -0.72894, 3.19574, 0.06892],
[-0.25614, -0.6921, 3.19574, 0.06871],
[-0.03867, -0.6659, 3.19574, 0.06854],
[0.17996, -0.65291, 3.19574, 0.06853],
[0.4001, -0.65675, 3.19574, 0.0689],
[0.62315, -0.68291, 4.4343, 0.05065],
[0.84829, -0.71925, 4.4343, 0.05143],
[1.07568, -0.76447, 4.4343, 0.05228],
[1.30542, -0.81743, 4.4343, 0.05317],
[1.53759, -0.87727, 4.4343, 0.05407],
[1.77223, -0.94317, 4.4343, 0.05496],
[2.00937, -1.01445, 4.4343, 0.05584],
[2.24896, -1.09042, 4.4343, 0.05668],
[2.49091, -1.17049, 4.4343, 0.05748],
[2.76506, -1.25738, 4.4343, 0.06485],
[3.0393, -1.34015, 4.16171, 0.06883],
[3.31365, -1.41854, 3.68973, 0.07733],
[3.58809, -1.49226, 3.27041, 0.08689],
[3.86263, -1.56085, 2.90124, 0.09754],
[4.13726, -1.62387, 2.56532, 0.10984],
[4.41197, -1.68042, 2.26566, 0.12379],
[4.68675, -1.72946, 1.98962, 0.14029],
[4.96154, -1.76946, 1.82945, 0.15179],
[5.23624, -1.79863, 1.82945, 0.151],
[5.51061, -1.814, 1.82945, 0.15021],
[5.78397, -1.81192, 1.82945, 0.14943],
[6.05603, -1.79677, 1.82945, 0.14894],
[6.32644, -1.76959, 1.82945, 0.14855],
[6.59481, -1.73091, 1.82945, 0.14821],
[6.86076, -1.68119, 1.82945, 0.14789],
[7.12384, -1.62086, 1.82945, 0.14754],
[7.38348, -1.55004, 1.82945, 0.14711],
[7.63897, -1.46876, 1.82945, 0.14655],
[7.88906, -1.37635, 1.82945, 0.14574],
[8.13219, -1.27217, 1.82945, 0.14458],
[8.36615, -1.15541, 1.82945, 0.14293],
[8.5879, -1.02514, 1.82945, 0.14058],
[8.79268, -0.88008, 1.82945, 0.13718],
[8.97471, -0.71994, 1.82945, 0.13252],
[9.12781, -0.54564, 1.82945, 0.12681],
[9.24582, -0.35896, 1.82945, 0.12072],
[9.32243, -0.16238, 1.82945, 0.11533],
[9.34931, 0.0405, 1.82945, 0.11187],
[9.31907, 0.24316, 2.20159, 0.09307],
[9.24826, 0.44103, 2.41346, 0.08708],
[9.14121, 0.63167, 2.65007, 0.08251],
[9.0012, 0.81314, 2.9583, 0.07748],
[8.83213, 0.98418, 3.28426, 0.07323],
[8.63745, 1.14392, 3.62085, 0.06955],
[8.4203, 1.29173, 4.07295, 0.06449],
[8.18467, 1.42794, 4.60357, 0.05912],
[7.93437, 1.55343, 5.23299, 0.05351],
[7.6728, 1.66948, 6.00455, 0.04766],
[7.40288, 1.77764, 5.64992, 0.05147],
[7.12706, 1.87955, 4.98779, 0.05895],
[6.84718, 1.97673, 4.46291, 0.06639],
[6.56459, 2.07045, 3.9889, 0.07464],
[6.2804, 2.16196, 3.55468, 0.08399],
[5.99549, 2.25242, 3.15509, 0.09474],
[5.71042, 2.34264, 2.77468, 0.10776],
[5.4254, 2.43297, 2.77468, 0.10776],
[5.14049, 2.52356, 2.77468, 0.10775],
[4.85779, 2.61313, 2.77468, 0.10688],
[4.57696, 2.7014, 2.77468, 0.10609],
[4.29908, 2.78748, 2.77468, 0.10484],
[4.02497, 2.87059, 2.77468, 0.10323],
[3.7554, 2.94998, 2.77468, 0.10128],
[3.49103, 3.02498, 2.77468, 0.09904],
[3.2324, 3.09497, 2.77468, 0.09657],
[2.97997, 3.15943, 2.77468, 0.0939],
[2.73413, 3.21784, 2.38756, 0.10583],
[2.49526, 3.2697, 2.0318, 0.12031],
[2.2637, 3.31448, 1.73641, 0.13583],
[2.03982, 3.35157, 1.73641, 0.13069],
[1.824, 3.38033, 1.73641, 0.12539],
[1.61684, 3.39974, 1.73641, 0.11983],
[1.41857, 3.40905, 1.73641, 0.11431],
[1.22931, 3.40741, 1.73641, 0.109],
[1.04915, 3.3938, 1.73641, 0.10405],
[0.87807, 3.36681, 1.73641, 0.09975],
[0.71581, 3.32408, 1.73641, 0.09663],
[0.55808, 3.27106, 1.73641, 0.09583],
[0.40349, 3.20932, 1.73641, 0.09586],
[0.25105, 3.14021, 1.73641, 0.09639],
[0.10011, 3.06456, 1.73641, 0.09724],
[-0.04988, 2.98309, 1.71307, 0.09964],
[-0.19934, 2.89618, 1.5, 0.11527],
[-0.34872, 2.80371, 1.5, 0.11712],
[-0.52217, 2.68919, 1.5, 0.13856],
[-0.69649, 2.5868, 1.5, 0.13478],
[-0.87203, 2.50644, 1.5, 0.12871],
[-1.04831, 2.45601, 1.5, 0.12224],
[-1.22398, 2.44196, 1.5, 0.11749],
[-1.39645, 2.47459, 1.5, 0.11702],
[-1.56495, 2.54096, 1.5, 0.12073],
[-1.72895, 2.63615, 1.5, 0.12642],
[-1.8885, 2.75508, 1.5, 0.13267],
[-2.04442, 2.89139, 1.5, 0.13807],
[-2.19826, 3.03712, 1.5, 0.14127],
[-2.34378, 3.17161, 1.5, 0.1321],
[-2.48991, 3.29746, 1.5, 0.12857],
[-2.63693, 3.40908, 1.5, 0.12306],
[-2.78482, 3.50228, 1.5, 0.11654],
[-2.93326, 3.57355, 1.5, 0.10977],
[-3.08149, 3.61921, 1.5, 0.10341],
[-3.22821, 3.63623, 1.5, 0.09847],
[-3.37124, 3.6202, 1.5, 0.09595],
[-3.50614, 3.562, 1.81069, 0.08114],
[-3.63258, 3.47218, 1.92672, 0.08049],
[-3.74982, 3.35357, 1.92672, 0.08656],
[-3.85781, 3.20929, 1.92672, 0.09353],
[-3.95679, 3.04208, 1.92672, 0.10085],
[-4.04831, 2.85688, 1.92672, 0.10722],
[-4.13558, 2.66174, 1.92672, 0.11095],
[-4.22438, 2.48078, 1.92672, 0.10462],
[-4.31729, 2.31044, 1.92672, 0.10071],
[-4.41458, 2.15165, 1.92672, 0.09665],
[-4.51671, 2.00602, 1.92672, 0.09232],
[-4.62388, 1.87457, 1.92672, 0.08802],
[-4.73617, 1.75825, 1.92672, 0.08391],
[-4.85357, 1.65797, 1.92672, 0.08013],
[-4.97628, 1.57582, 1.92672, 0.07664],
[-5.10426, 1.51397, 1.92672, 0.07378],
[-5.23734, 1.47603, 2.10122, 0.06586],
[-5.37356, 1.45684, 2.10122, 0.06547],
[-5.51215, 1.45542, 2.10122, 0.06596],
[-5.65252, 1.47206, 2.10122, 0.06727],
[-5.79407, 1.5077, 2.10122, 0.06947],
[-5.93591, 1.56796, 2.29549, 0.06714],
[-6.0766, 1.65218, 2.66662, 0.06149],
[-6.21519, 1.75705, 2.99606, 0.05801],
[-6.35106, 1.88072, 2.99606, 0.06132],
[-6.48401, 2.02065, 2.90897, 0.06635],
[-6.61412, 2.17452, 2.66099, 0.07572],
[-6.74174, 2.33961, 2.38905, 0.08734],
[-6.86753, 2.51259, 2.14584, 0.09968],
[-6.99236, 2.68967, 1.89322, 0.11443],
[-7.12216, 2.86913, 1.89322, 0.11699],
[-7.25391, 3.0442, 1.89322, 0.11573],
[-7.38824, 3.21346, 1.89322, 0.11414],
[-7.52582, 3.37543, 1.89322, 0.11225],
[-7.66739, 3.52847, 1.89322, 0.11012],
[-7.81366, 3.67098, 1.89322, 0.10787],
[-7.96536, 3.8014, 1.89322, 0.10566],
[-8.12357, 3.91724, 1.89322, 0.10357],
[-8.28966, 4.01527, 1.89322, 0.10187],
[-8.46179, 4.09929, 1.89322, 0.10117],
[-8.63908, 4.17089, 1.89322, 0.10099],
[-8.82113, 4.23051, 1.89322, 0.10118],
[-9.00753, 4.27849, 1.89322, 0.10166],
[-9.19836, 4.31354, 1.89322, 0.10249],
[-9.3937, 4.33361, 1.89322, 0.10372],
[-9.59328, 4.3359, 1.89322, 0.10543],
[-9.79615, 4.31609, 1.89322, 0.10766],
[-9.99939, 4.26846, 1.89322, 0.11026],
[-10.19548, 4.18584, 1.89322, 0.11239],
[-10.36999, 4.0639, 1.89322, 0.11245],
[-10.50368, 3.90235, 1.93505, 0.10836],
[-10.5924, 3.71129, 2.33349, 0.09028],
[-10.64705, 3.5024, 2.54579, 0.08481],
[-10.66965, 3.27918, 2.8141, 0.07973],
[-10.66228, 3.04449, 3.1521, 0.07449],
[-10.62753, 2.80096, 3.54372, 0.06942],
[-10.56815, 2.55083, 4.10897, 0.06257],
[-10.48831, 2.29621, 4.65185, 0.05736],
[-10.39102, 2.03849, 4.53967, 0.06068],
[-10.28007, 1.77885, 4.09074, 0.06902],
[-10.15918, 1.51807, 3.70792, 0.07752],
[-10.03181, 1.25661, 3.37299, 0.08622],
[-9.90113, 0.99471, 3.03511, 0.09643],
[-9.77002, 0.73266, 2.657, 0.11028],
[-9.63916, 0.47048, 2.36368, 0.12397],
[-9.50822, 0.2083, 2.11275, 0.13871],
[-9.37711, -0.0538, 1.8454, 0.15881],
[-9.24579, -0.3158, 1.8454, 0.15881],
[-9.1142, -0.57767, 1.8454, 0.15881],
[-8.98238, -0.83943, 1.8454, 0.15882],
[-8.85034, -1.10109, 1.8454, 0.15882]]