[[-8.71807, -1.36264, 2.69839, 0.10862],
[-8.58558, -1.62408, 2.42809, 0.12071],
[-8.45273, -1.88523, 2.1256, 0.13784],
[-8.31812, -2.14361, 1.89095, 0.15407],
[-8.18033, -2.39664, 1.6902, 0.17047],
[-8.03799, -2.64151, 1.47632, 0.19185],
[-7.89003, -2.87537, 1.47632, 0.18746],
[-7.73562, -3.09539, 1.47632, 0.18207],
[-7.5743, -3.29884, 1.47632, 0.17587],
[-7.40598, -3.48327, 1.47632, 0.16913],
[-7.23085, -3.64638, 1.47632, 0.16211],
[-7.0494, -3.78606, 1.47632, 0.15511],
[-6.86222, -3.89958, 1.47632, 0.14828],
[-6.67006, -3.98236, 1.47632, 0.14173],
[-6.47448, -4.03004, 1.47632, 0.13635],
[-6.2779, -4.03701, 1.47632, 0.13324],
[-6.08499, -3.99193, 1.72945, 0.11455],
[-5.89866, -3.9073, 2.01533, 0.10154],
[-5.71975, -3.79094, 2.43622, 0.0876],
[-5.54759, -3.65065, 3.05565, 0.07268],
[-5.38065, -3.4938, 4.12951, 0.05547],
[-5.21706, -3.32743, 4.68043, 0.04985],
[-5.05025, -3.16796, 5.0016, 0.04614],
[-4.87905, -3.0129, 5.25848, 0.04393],
[-4.70362, -2.86163, 5.20949, 0.04447],
[-4.52446, -2.71388, 5.09836, 0.04555],
[-4.34194, -2.56965, 5.01083, 0.04643],
[-4.15636, -2.42901, 4.95854, 0.04696],
[-3.96796, -2.29208, 4.95091, 0.04704],
[-3.77686, -2.15917, 4.95091, 0.04702],
[-3.58338, -2.03025, 4.95091, 0.04696],
[-3.38763, -1.90557, 4.95091, 0.04688],
[-3.18972, -1.78542, 4.95091, 0.04677],
[-2.98974, -1.6701, 4.85517, 0.04755],
[-2.7878, -1.55992, 4.44173, 0.05179],
[-2.58401, -1.45518, 4.07274, 0.05626],
[-2.37848, -1.35614, 3.62386, 0.06296],
[-2.17136, -1.26298, 3.25039, 0.06987],
[-1.96276, -1.17584, 2.88913, 0.07825],
[-1.75284, -1.09468, 2.55659, 0.08803],
[-1.54175, -1.01938, 2.55659, 0.08766],
[-1.32965, -0.94964, 2.55659, 0.08733],
[-1.11665, -0.88534, 2.55659, 0.08703],
[-0.9028, -0.82677, 2.55659, 0.08673],
[-0.68813, -0.77426, 2.55659, 0.08644],
[-0.47259, -0.72894, 2.55659, 0.08615],
[-0.25614, -0.6921, 2.55659, 0.08588],
[-0.03867, -0.6659, 2.55659, 0.08568],
[0.17996, -0.65291, 2.55659, 0.08567],
[0.4001, -0.65675, 2.55659, 0.08612],
[0.62315, -0.68291, 3.90454, 0.05752],
[0.84829, -0.71925, 4.30295, 0.053],
[1.07568, -0.76447, 4.7456, 0.04885],
[1.30542, -0.81743, 5.19925, 0.04535],
[1.53759, -0.87727, 5.7229, 0.04189],
[1.77223, -0.94317, 5.55894, 0.04384],
[2.00937, -1.01445, 5.03286, 0.0492],
[2.24896, -1.09042, 4.56629, 0.05504],
[2.49091, -1.17049, 4.01752, 0.06344],
[2.76506, -1.25738, 3.54744, 0.08107],
[3.0393, -1.34015, 3.54744, 0.08075],
[3.31365, -1.41854, 3.54744, 0.08043],
[3.58809, -1.49226, 3.54744, 0.08011],
[3.86263, -1.56085, 3.54744, 0.07977],
[4.13726, -1.62387, 3.54744, 0.07943],
[4.41197, -1.68042, 3.54744, 0.07906],
[4.68675, -1.72946, 3.54744, 0.07868],
[4.96154, -1.76946, 3.54744, 0.07828],
[5.23624, -1.79863, 3.54744, 0.07787],
[5.51061, -1.814, 3.54744, 0.07746],
[5.78397, -1.81192, 3.32937, 0.08211],
[6.05603, -1.79677, 2.95178, 0.09231],
[6.32644, -1.76959, 2.61633, 0.10387],
[6.59481, -1.73091, 2.32099, 0.11682],
[6.86076, -1.68119, 2.05226, 0.13183],
[7.12384, -1.62086, 1.81252, 0.14892],
[7.38348, -1.55004, 1.5917, 0.16908],
[7.63897, -1.46876, 1.46356, 0.18318],
[7.88906, -1.37635, 1.46356, 0.18217],
[8.13219, -1.27217, 1.46356, 0.18073],
[8.36615, -1.15541, 1.46356, 0.17866],
[8.5879, -1.02514, 1.46356, 0.17573],
[8.79268, -0.88008, 1.46356, 0.17147],
[8.97471, -0.71994, 1.46356, 0.16565],
[9.12781, -0.54564, 1.46356, 0.15851],
[9.24582, -0.35896, 1.46356, 0.1509],
[9.32243, -0.16238, 1.46356, 0.14416],
[9.34931, 0.0405, 1.46356, 0.13983],
[9.31907, 0.24316, 1.76127, 0.11634],
[9.24826, 0.44103, 1.93077, 0.10885],
[9.14121, 0.63167, 2.12006, 0.10313],
[9.0012, 0.81314, 2.36664, 0.09685],
[8.83213, 0.98418, 2.62741, 0.09153],
[8.63745, 1.14392, 2.89668, 0.08694],
[8.4203, 1.29173, 3.25836, 0.08062],
[8.18467, 1.42794, 3.68286, 0.0739],
[7.93437, 1.55343, 4.18639, 0.06688],
[7.6728, 1.66948, 4.80364, 0.05957],
[7.40288, 1.77764, 5.60313, 0.0519],
[7.12706, 1.87955, 6.6041, 0.04452],
[6.84718, 1.97673, 7.88119, 0.03759],
[6.56459, 2.07045, 8.0, 0.03722],
[6.2804, 2.16196, 8.0, 0.03732],
[5.99549, 2.25242, 7.33946, 0.04073],
[5.71042, 2.34264, 6.6895, 0.0447],
[5.4254, 2.43297, 6.09961, 0.04902],
[5.14049, 2.52356, 5.54661, 0.0539],
[4.85779, 2.61313, 5.0196, 0.05908],
[4.57696, 2.7014, 4.51993, 0.06513],
[4.29908, 2.78748, 3.99023, 0.07291],
[4.02497, 2.87059, 3.57033, 0.08023],
[3.7554, 2.94998, 3.19112, 0.08806],
[3.49103, 3.02498, 2.84374, 0.09664],
[3.2324, 3.09497, 2.52407, 0.10615],
[2.97997, 3.15943, 2.21974, 0.11737],
[2.73413, 3.21784, 2.21974, 0.11383],
[2.49526, 3.2697, 2.21974, 0.11012],
[2.2637, 3.31448, 2.21974, 0.10625],
[2.03982, 3.35157, 2.21974, 0.10223],
[1.824, 3.38033, 2.21974, 0.09808],
[1.61684, 3.39974, 2.21974, 0.09374],
[1.41857, 3.40905, 2.21974, 0.08942],
[1.22931, 3.40741, 2.21974, 0.08526],
[1.04915, 3.3938, 2.21974, 0.08139],
[0.87807, 3.36681, 2.21974, 0.07803],
[0.71581, 3.32408, 1.91005, 0.08785],
[0.55808, 3.27106, 1.62544, 0.10237],
[0.40349, 3.20932, 1.38913, 0.11983],
[0.25105, 3.14021, 1.38913, 0.12049],
[0.10011, 3.06456, 1.38913, 0.12154],
[-0.04988, 2.98309, 1.38913, 0.12287],
[-0.19934, 2.89618, 1.38913, 0.12447],
[-0.34872, 2.80371, 1.38913, 0.12647],
[-0.52217, 2.68919, 1.38913, 0.14962],
[-0.69649, 2.5868, 1.38913, 0.14553],
[-0.87203, 2.50644, 1.38913, 0.13898],
[-1.04831, 2.45601, 1.38913, 0.13199],
[-1.22398, 2.44196, 1.38913, 0.12686],
[-1.39645, 2.47459, 1.66354, 0.10551],
[-1.56495, 2.54096, 1.55325, 0.1166],
[-1.72895, 2.63615, 1.37046, 0.13837],
[-1.8885, 2.75508, 1.2, 0.16583],
[-2.04442, 2.89139, 1.2, 0.17258],
[-2.19826, 3.03712, 1.2, 0.17659],
[-2.34378, 3.17161, 1.2, 0.16512],
[-2.48991, 3.29746, 1.2, 0.16071],
[-2.63693, 3.40908, 1.2, 0.15382],
[-2.78482, 3.50228, 1.2, 0.14568],
[-2.93326, 3.57355, 1.2, 0.13721],
[-3.08149, 3.61921, 1.2, 0.12926],
[-3.22821, 3.63623, 1.2, 0.12309],
[-3.37124, 3.6202, 1.2, 0.11994],
[-3.50614, 3.562, 1.44855, 0.10143],
[-3.63258, 3.47218, 1.64608, 0.09422],
[-3.74982, 3.35357, 1.92262, 0.08675],
[-3.85781, 3.20929, 1.94121, 0.09283],
[-3.95679, 3.04208, 1.74018, 0.11166],
[-4.04831, 2.85688, 1.54138, 0.13402],
[-4.13558, 2.66174, 1.54138, 0.13868],
[-4.22438, 2.48078, 1.54138, 0.13078],
[-4.31729, 2.31044, 1.54138, 0.12588],
[-4.41458, 2.15165, 1.54138, 0.12081],
[-4.51671, 2.00602, 1.54138, 0.1154],
[-4.62388, 1.87457, 1.54138, 0.11003],
[-4.73617, 1.75825, 1.54138, 0.10489],
[-4.85357, 1.65797, 1.54138, 0.10017],
[-4.97628, 1.57582, 1.54138, 0.09581],
[-5.10426, 1.51397, 1.54138, 0.09222],
[-5.23734, 1.47603, 1.68097, 0.08232],
[-5.37356, 1.45684, 1.68097, 0.08184],
[-5.51215, 1.45542, 1.68097, 0.08245],
[-5.65252, 1.47206, 1.68097, 0.08409],
[-5.79407, 1.5077, 1.68097, 0.08683],
[-5.93591, 1.56796, 1.83639, 0.08392],
[-6.0766, 1.65218, 2.1333, 0.07686],
[-6.21519, 1.75705, 2.39868, 0.07245],
[-6.35106, 1.88072, 2.75361, 0.06672],
[-6.48401, 2.02065, 3.07814, 0.06271],
[-6.61412, 2.17452, 2.72058, 0.07407],
[-6.74174, 2.33961, 2.39685, 0.08706],
[-6.86753, 2.51259, 2.39685, 0.08924],
[-6.99236, 2.68967, 2.39685, 0.09039],
[-7.12216, 2.86913, 2.39685, 0.09241],
[-7.25391, 3.0442, 2.39685, 0.09141],
[-7.38824, 3.21346, 2.39685, 0.09016],
[-7.52582, 3.37543, 2.39685, 0.08867],
[-7.66739, 3.52847, 2.39685, 0.08698],
[-7.81366, 3.67098, 2.32718, 0.08775],
[-7.96536, 3.8014, 2.12879, 0.09397],
[-8.12357, 3.91724, 1.91124, 0.1026],
[-8.28966, 4.01527, 1.71667, 0.11235],
[-8.46179, 4.09929, 1.51458, 0.12646],
[-8.63908, 4.17089, 1.51458, 0.12624],
[-8.82113, 4.23051, 1.51458, 0.12648],
[-9.00753, 4.27849, 1.51458, 0.12708],
[-9.19836, 4.31354, 1.51458, 0.12811],
[-9.3937, 4.33361, 1.51458, 0.12965],
[-9.59328, 4.3359, 1.51458, 0.13178],
[-9.79615, 4.31609, 1.51458, 0.13458],
[-9.99939, 4.26846, 1.51458, 0.13782],
[-10.19548, 4.18584, 1.51458, 0.14049],
[-10.36999, 4.0639, 1.51458, 0.14057],
[-10.50368, 3.90235, 1.54804, 0.13545],
[-10.5924, 3.71129, 1.86679, 0.11285],
[-10.64705, 3.5024, 2.03664, 0.10602],
[-10.66965, 3.27918, 2.25128, 0.09966],
[-10.66228, 3.04449, 2.52168, 0.09311],
[-10.62753, 2.80096, 2.83497, 0.08677],
[-10.56815, 2.55083, 3.28717, 0.07821],
[-10.48831, 2.29621, 3.72148, 0.0717],
[-10.39102, 2.03849, 4.35891, 0.0632],
[-10.28007, 1.77885, 5.24007, 0.05388],
[-10.15918, 1.51807, 6.6293, 0.04336],
[-10.03181, 1.25661, 8.0, 0.03635],
[-9.90113, 0.99471, 8.0, 0.03659],
[-9.77002, 0.73266, 8.0, 0.03663],
[-9.63916, 0.47048, 6.79126, 0.04315],
[-9.50822, 0.2083, 5.46668, 0.05361],
[-9.37711, -0.0538, 4.66299, 0.06285],
[-9.24579, -0.3158, 4.08002, 0.07183],
[-9.1142, -0.57767, 3.63174, 0.0807],
[-8.98238, -0.83943, 3.27259, 0.08956],
[-8.85034, -1.10109, 2.96634, 0.0988]]